k=10;
b=0.1;
m=1